FPA:
n 10
items 3
alphas [0.76, 0.42, 0.26]
values [9.08, 7.84, 7.56, 5.83, 5.11, 5.05, 4.77, 4.05, 3.03, 2.82]
bids [8.494437146943604, 6.46919091488446, 7.733304508535968, 6.091391797589855, 5.0745630227827725, 5.1542814149159675, 4.0213211716959645, 3.924245574136056, 3.089544003762906, 2.6936504064004634]
argsorted [0, 2, 1]
winningprices [6.455772231677138, 3.2479878935851065, 1.6819896378699597]
revenue 11.385749763132205

SPA:
n 10
items 3
alphas [0.76, 0.42, 0.26]
values [9.08, 7.84, 7.56, 5.83, 5.11, 5.05, 4.77, 4.05, 3.03, 2.82, 0]
bids [9.08, 7.84, 7.56, 5.83, 5.11, 5.05, 4.77, 4.05, 3.03, 2.82, 0]
argsorted [0, 1, 2]
winningprices [5.9584, 3.1752, 1.5158]
revenue 10.6494

VCG:
n 10
items 3
alphas [0.76, 0.42, 0.26, 0]
values [9.08, 7.84, 7.56, 5.83, 5.11, 5.05, 4.77, 4.05, 3.03, 2.82, 0]
bids [9.08, 7.84, 7.56, 5.83, 5.11, 5.05, 4.77, 4.05, 3.03, 2.82, 0]
argsorted [0, 1, 2]
winningprices [5.391, 2.7253999999999996, 1.5158, 0]
revenue 9.6322

Utilities
[0.44502776832286184, -0.07278789358510673, 0.3564103621300405]
[0.9424000000000001, 0.11759999999999993, 0.4498]
[1.5098000000000003, 0.5674000000000001, 0.4498]
